-5.6897959184e-01 -4.2679387649e-04 +8.6736173799e-20 +3.2475306017e-06 -4.6938775510e-01 -1.2936439664e-03 +0.0000000000e+00 +2.7323580309e-06
-5.7000000000e-01 +5.4746530400e-04 +9.7425918050e-05 -5.0131632123e-06 -4.7959183673e-01 -4.7393655708e-04 +8.1970740928e-05 -1.4168921954e-06
-5.5979591837e-01 +9.9203470129e-04 -5.2968978321e-05 +2.5194079620e-06 -4.7755102041e-01 +7.4041060285e-04 +3.9463975065e-05 -5.2280545554e-06
-5.5265306122e-01 +6.8847752348e-04 +2.2613260540e-05 -2.0032441459e-06 -4.7142857143e-01 -3.8726262469e-05 -1.1737766160e-04 +3.9617634783e-06
-5.4551020408e-01 +5.3976949050e-04 -3.7484063838e-05 +2.4323441320e-06 -4.7959183673e-01 -1.1977504509e-03 +1.4752427510e-06 +2.6463067648e-06
-5.4142857143e-01 +5.1979145331e-04 +3.5486260120e-05 -1.6036834023e-06 -4.8877551020e-01 -3.7435356647e-04 +8.0864445695e-05 -5.3633170681e-06
-5.3428571429e-01 +7.4841163503e-04 -1.2624241949e-05 +9.2116498742e-07 -4.8979591837e-01 -3.6605977299e-04 -8.0035066347e-05 +4.5212472217e-06
-5.2714285714e-01 +7.7227629228e-04 +1.5010707674e-05 -1.0605683841e-06 -4.9693877551e-01 -6.1038693341e-04 +5.5602350304e-05 -3.5379983494e-06
-5.1897959184e-01 +7.5431993053e-04 -1.6806343850e-05 +1.2802922226e-06 -5.0102040816e-01 -5.5973943214e-04 -5.0537600177e-05 +2.4878890329e-06
-5.1183673469e-01 +8.0228072030e-04 +2.1602422827e-05 +2.1032146923e-08 -5.0918367347e-01 -8.2412472579e-04 +2.4099070811e-05 -1.3115169661e-06
-5.0163265306e-01 +1.2406388209e-03 +2.2233387235e-05 -5.4460534633e-06 -5.1632653061e-01 -7.3559839938e-04 -1.5246438170e-05 +1.7377706680e-06
-4.9244897959e-01 +5.1490526624e-05 -1.4114821666e-04 +5.4366510941e-06 -5.2346938776e-01 -5.1919596238e-04 +3.6886681871e-05 -5.3752488976e-07
-5.0061224490e-01 -1.1404784784e-03 +2.1951316159e-05 -9.9442846416e-07 -5.2551020408e-01 +5.7280208101e-05 +2.0760935178e-05 -1.6284874355e-06
-5.1081632653e-01 -9.9978069451e-04 -7.8815377660e-06 +5.8187908905e-07 -5.2448979592e-01 -1.6047318999e-05 -2.8093687888e-05 -9.1382511045e-08
-5.2102040816e-01 -9.8284772312e-04 +9.5748349054e-06 -3.1267972877e-07 -5.2755102041e-01 -6.0533583007e-04 -3.0835163219e-05 +1.9940174797e-06
-5.3020408163e-01 -8.8515494364e-04 +1.9444304236e-07 +1.6892479893e-06 -5.3469387755e-01 -6.2383385054e-04 +2.8985361172e-05 -2.7826465914e-06
-5.3734693878e-01 -3.7449168600e-04 +5.0871882721e-05 -4.4034959019e-06 -5.4081632653e-01 -8.7892060452e-04 -5.4494036570e-05 +4.0345280696e-06
-5.4040816327e-01 -6.7810280214e-04 -8.1232994335e-05 +6.7410621488e-06 -5.5102040816e-01 -7.5844291505e-04 +6.6541805517e-05 -3.1513840542e-06
-5.4857142857e-01 -2.8044404421e-04 +1.2099887013e-04 -5.2138139177e-06 -5.5510204082e-01 -3.7302202098e-04 -2.7999716110e-05 +4.0774284123e-07
-5.4448979592e-01 +5.7538918305e-04 -3.5415547402e-05 +8.4888739954e-07 -5.6122448980e-01 -8.1069349081e-04 -1.5767430873e-05 +5.0000452606e-07
-5.4142857143e-01 +1.2174445486e-04 -9.9489254163e-06 +2.8386724828e-06 -5.7040816327e-01 -9.7604075046e-04 -7.6729509127e-07 -3.6694461895e-07
-5.3836734694e-01 +7.7436769138e-04 +7.5211249068e-05 -8.1219446777e-06 -5.8061224490e-01 -1.1014700380e-03 -1.1775633660e-05 +1.9881821130e-06
-5.3122448980e-01 -1.5799073057e-04 -1.6844709126e-04 +9.2409429627e-06 -5.9081632653e-01 -7.4052807726e-04 +4.7869829730e-05 -3.5041511800e-06
-5.4040816327e-01 -7.5464966704e-04 +1.0878119762e-04 -3.3316230913e-06 -5.9693877551e-01 -8.3437683665e-04 -5.7254705669e-05 +3.8651573007e-06
-5.4040816327e-01 +4.2148735791e-04 +8.8325048776e-06 +1.0243249128e-06 -6.0714285714e-01 -8.1992375981e-04 +5.8700013353e-05 -7.3198822701e-07
-5.3428571429e-01 +9.0543492929e-04 +3.9562252261e-05 -3.8269010496e-06 -6.1020408163e-01 +1.3448003915e-04 +3.6740366543e-05 +8.3203770600e-08
-5.2510204082e-01 +5.4860965963e-04 -7.5244779226e-05 +5.0996058161e-06 -6.0510204082e-01 +8.9424850118e-04 +3.9236479661e-05 -4.7028676717e-06
-5.2204081633e-01 +5.7359581994e-04 +7.7743395257e-05 -3.3062160924e-06 -5.9693877551e-01 +2.6811779288e-04 -1.0184955049e-04 +4.4425526305e-06
-5.1183673469e-01 +1.1365988974e-03 -2.1443087515e-05 +9.8240141056e-07 -6.0000000000e-01 -4.3610742778e-04 +3.1427028425e-05 +1.9796327203e-07
-5.0163265306e-01 +1.0024575702e-03 +8.0289548021e-06 -6.2338954986e-07 -6.0102040816e-01 +2.5182212233e-04 +3.7365926586e-05 -4.2139975554e-06
-4.9142857143e-01 +9.7601980131e-04 -1.0672731694e-05 -1.5500677009e-06 -5.9897959184e-01 -2.6505861256e-04 -8.9054000075e-05 +7.4743534801e-06
-4.8428571429e-01 +2.9754485717e-04 -5.7174762721e-05 +4.7828440270e-06 -6.0306122449e-01 +1.9616742996e-04 +1.3517660433e-04 -6.2956612631e-06
-4.8224489796e-01 +5.8890281084e-04 +8.6310558089e-05 -5.3364104479e-06 -5.9387755102e-01 +1.0110011376e-03 -5.3693233564e-05 +2.4021691232e-06
-4.7306122449e-01 +7.1419083824e-04 -7.3781755349e-05 +3.2974916422e-06 -5.8673469388e-01 +6.5778720328e-04 +1.8371840131e-05 -2.5179073975e-07
-4.7000000000e-01 +2.2780322394e-04 +2.5142993918e-05 -1.7311071414e-06 -5.7857142857e-01 +9.4968678397e-04 +1.0818117938e-05 -3.7459800088e-07
-4.6693877551e-01 +2.1133095989e-04 -2.6790220323e-05 +5.6571243344e-07 -5.6836734694e-01 +1.0536697425e-03 -4.1982208803e-07 -2.9063358327e-07
-4.6693877551e-01 -1.5475971654e-04 -9.8188473197e-06 -5.3174259241e-07 -5.5816326531e-01 +9.5808322573e-04 -9.1388295862e-06 +1.5371323340e-06
-4.7000000000e-01 -5.1065944066e-04 -2.5771125092e-05 +4.6224824260e-06 -5.4795918367e-01 +1.2364463342e-03 +3.6975140433e-05 -5.8578957526e-06
-4.7306122449e-01 +3.6066278530e-04 +1.1290334769e-04 -4.6928809891e-06 -5.3775510204e-01 +2.1858041708e-04 -1.3876173214e-04 +5.5679200641e-06
-4.6285714286e-01 +1.2108654423e-03 -2.7883081984e-05 +8.8373540782e-07 -5.4387755102e-01 -8.8627820659e-04 +2.8275869778e-05 -1.1076620548e-06
-4.5265306122e-01 +9.1832442498e-04 -1.3710197499e-06 +1.3753119452e-07 -5.5102040816e-01 -6.5305942746e-04 -4.9539918656e-06 +9.0354448159e-07
-4.4346938776e-01 +9.3216338835e-04 +2.7549160859e-06 -1.4338601859e-06 -5.5714285714e-01 -4.8107592030e-04 +2.2152342582e-05 -2.5065158716e-06
-4.3530612245e-01 +5.5710365429e-04 -4.0260889492e-05 +2.5366850593e-06 -5.6224489796e-01 -7.8998383013e-04 -5.3043133565e-05 +5.0408863517e-06
-4.3122448980e-01 +5.1289138226e-04 +3.5839662289e-05 -5.4961474533e-07 -5.7040816327e-01 -3.3858059593e-04 +9.8183456986e-05 -5.4121315761e-06
-4.2306122449e-01 +1.0648002044e-03 +1.9351219929e-05 -3.3994505678e-06 -5.6938775510e-01 +1.4490709732e-06 -6.4180490296e-05 +1.3015175035e-06
-4.1387755102e-01 +4.3198943266e-04 -8.2632297106e-05 +4.9637435472e-06 -5.7448979592e-01 -8.9170548389e-04 -2.5134965190e-05 +1.2264697252e-06
-4.1285714286e-01 +2.6846655471e-04 +6.6280009310e-05 -3.1902174986e-06 -5.8469387755e-01 -1.0264638701e-03 +1.1659126566e-05 +3.9966852283e-06
-4.0673469388e-01 +6.3700149135e-04 -2.9426515646e-05 +2.6950856307e-06 -5.8979591837e-01 +4.0572422969e-04 +1.3155968342e-04 -9.0499453323e-06
-4.0061224490e-01 +8.5699686764e-04 +5.1426053275e-05 -3.5084923713e-06 -5.8163265306e-01 +3.2193429831e-04 -1.3993867655e-04 +5.6724838559e-06
-3.9040816327e-01 +8.3297022176e-04 -5.3828717863e-05 +3.1756185483e-06 -5.8673469388e-01 -7.7509407599e-04 +3.0235839124e-05 -3.7468396884e-07
-3.8428571429e-01 +7.0908142898e-04 +4.1439838585e-05 -1.0307165157e-06 -5.9183673469e-01 -2.8278248416e-04 +1.8995320058e-05 -1.1125234907e-06
-3.7408163265e-01 +1.2286632460e-03 +1.0518343114e-05 -3.1343851385e-06 -5.9387755102e-01 -2.3663313022e-04 -1.4380384664e-05 -2.7726288454e-07
-3.6387755102e-01 +4.9871456670e-04 -8.3513211041e-05 +1.3233591105e-06 -5.9795918367e-01 -6.0741968885e-04 -2.2698271200e-05 +1.2011668656e-06
-3.6591836735e-01 -7.7454192096e-04 -4.3812437725e-05 +3.9633976760e-06 -6.0510204082e-01 -7.0103505316e-04 +1.3336734769e-05 -1.4661800882e-06
-3.7408163265e-01 -4.6177137267e-04 +7.5089492554e-05 -1.8708273654e-06 -6.1224489796e-01 -8.7415438423e-04 -3.0648667876e-05 +1.6023289972e-06
-3.7306122449e-01 +4.7877026879e-04 +1.8964671593e-05 -1.5821290308e-06 -6.2244897959e-01 -1.0064290426e-03 +1.7421202041e-05 -8.6150324773e-07
-3.6795918367e-01 +3.8342499139e-04 -2.8499199332e-05 +2.0768945091e-06 -6.3163265306e-01 -9.1645597607e-04 -8.4238953907e-06 +3.8845003202e-06
-3.6489795918e-01 +4.3650935747e-04 +3.3807635940e-05 -6.0300002580e-07 -6.3775510204e-01 +8.0416212176e-05 +1.0811111422e-04 -5.4928245637e-06
-3.5775510204e-01 +9.3176206852e-04 +1.5717635166e-05 -1.7057107324e-06 -6.3163265306e-01 +5.9479112737e-04 -5.6673622696e-05 +3.8010836490e-06
-3.4857142857e-01 +7.3440155212e-04 -3.5453686806e-05 -7.3742235082e-07 -6.2755102041e-01 +6.0164376814e-04 +5.7358886773e-05 -1.5482447261e-06
-3.4551020408e-01 -1.9589888924e-04 -5.7576357330e-05 +5.6758082989e-06 -6.1734693878e-01 +1.2843480858e-03 +1.0911544991e-05 -3.7305537242e-06
-3.4755102041e-01 +3.5531645383e-04 +1.1269789164e-04 -4.6188720694e-06 -6.0714285714e-01 +3.8341286833e-04 -1.0100506674e-04 +4.2255616638e-06
-3.3734693878e-01 +1.2236126658e-03 -2.5868270444e-05 +5.5478201946e-07 -6.0918367347e-01 -3.6901996726e-04 +2.5761783177e-05 -2.9676112982e-06
-3.2714285714e-01 +8.7268186271e-04 -9.2248098604e-06 +3.5892766502e-07 -6.1326530612e-01 -7.4406769318e-04 -6.3266555769e-05 +5.6040672026e-06
-3.1897959184e-01 +7.9586396501e-04 +1.5430200901e-06 +1.0707318103e-06 -6.2142857143e-01 -3.2817864779e-04 +1.0485546031e-04 -5.1629432263e-06
-3.0979591837e-01 +1.1479439099e-03 +3.3664974398e-05 -4.6418549061e-06 -6.1938775510e-01 +2.2004759047e-04 -5.0032836482e-05 +7.6199141703e-07
-2.9959183673e-01 +4.2868692603e-04 -1.0559067278e-04 +5.2517898549e-06 -6.2142857143e-01 -5.5201171407e-04 -2.7173093971e-05 +7.4161231694e-08
-3.0061224490e-01 -1.0758957319e-04 +5.1963022862e-05 -1.0591820645e-06 -6.2959183673e-01 -1.0732252240e-03 -2.4948257020e-05 +3.0229963093e-06
-2.9755102041e-01 +6.1391626471e-04 +2.0187560928e-05 -2.0354697603e-06 -6.3979591837e-01 -6.6529147162e-04 +6.5741632257e-05 +7.8751490456e-08
-2.9142857143e-01 +4.0702655518e-04 -4.0876531880e-05 +3.0786121260e-06 -6.3979591837e-01 +6.7316662066e-04 +6.8104176971e-05 -4.3584104343e-06
-2.8836734694e-01 +5.1307955538e-04 +5.1481831900e-05 -2.1157134376e-06 -6.3061224490e-01 +7.2772702978e-04 -6.2648136059e-05 +1.0283596347e-06
-2.8020408163e-01 +9.0800216208e-04 -1.1989571229e-05 +1.3026089714e-06 -6.2857142857e-01 -2.1672780100e-04 -3.1797347019e-05 +2.2857882221e-06
-2.7102040816e-01 +1.0589934289e-03 +2.7088697914e-05 -3.0947224481e-06 -6.3163265306e-01 -1.6693827474e-04 +3.6776299645e-05 -5.0694717069e-06
-2.6081632653e-01 +6.7235065278e-04 -6.5752975530e-05 +2.9130155149e-06 -6.3469387755e-01 -9.5225379391e-04 -1.1530785156e-04 +1.0849241463e-05
-2.5775510204e-01 +2.3119579667e-04 +2.1637489919e-05 +6.2633385773e-07 -6.4489795918e-01 -3.6383863463e-06 +2.1016939232e-04 -1.1796881899e-05
-2.5265306122e-01 +8.5184575237e-04 +4.0427505651e-05 -2.3571264561e-06 -6.3571428571e-01 +6.6068489032e-04 -1.4373706465e-04 +4.7056330723e-06
-2.4244897959e-01 +9.5325792856e-04 -3.0286288032e-05 +6.3890666047e-07 -6.3877551020e-01 -8.0236648105e-04 -2.5680724836e-06 +3.1784312425e-06
-2.3530612245e-01 +5.3920416606e-04 -1.1119088218e-05 +1.8423161407e-06 -6.4387755102e-01 +9.9801442030e-05 +9.2784864791e-05 -6.1948682463e-06
-2.2918367347e-01 +8.6951724393e-04 +4.4150396004e-05 -2.9061304071e-06 -6.3979591837e-01 +9.7038263948e-05 -9.3061182599e-05 +5.2745111307e-06
-2.1897959184e-01 +8.8068604189e-04 -4.3033516208e-05 +2.6393483447e-06 -6.4285714286e-01 -1.8183204884e-04 +6.5174151321e-05 -3.6786864804e-06
-2.1183673469e-01 +8.1182022115e-04 +3.6146934133e-05 -1.5288139922e-06 -6.4183673469e-01 +1.8045033455e-05 -4.5186443091e-05 +2.2973776480e-06
-2.0163265306e-01 +1.0761147062e-03 -9.7174856317e-06 +4.1468313417e-07 -6.4387755102e-01 -1.9647053396e-04 +2.3734886349e-05 -1.4291914586e-06
-1.9142857143e-01 +1.0061699338e-03 +2.7230083933e-06 -1.2991854450e-07 -6.4489795918e-01 -1.5053024455e-04 -1.9140857409e-05 +1.3785718599e-06
-1.8122448980e-01 +1.0216545383e-03 -1.1745479417e-06 +1.0499104384e-07 -6.4693877551e-01 -1.1977583476e-04 +2.2216298388e-05 -1.0238714911e-06
-1.7102040816e-01 +1.0296608926e-03 +1.9751833735e-06 -2.9004563086e-07 -6.4693877551e-01 +1.7388685654e-05 -8.4998463458e-06 +6.7609777804e-07
-1.6081632653e-01 +9.8215087083e-04 -6.7261855523e-06 +1.0551914796e-06 -6.4693877551e-01 +5.0221092150e-05 +1.1783086995e-05 -1.6805196210e-06
-1.5061224490e-01 +1.1641846037e-03 +2.4929558836e-05 -5.9715366141e-06 -6.4693877551e-01 -2.1827305426e-04 -3.8632501636e-05 +1.9643480531e-06
-1.4244897959e-01 -1.2868520385e-04 -1.5421653959e-04 +6.5044243645e-06 -6.5102040816e-01 -4.0161867105e-04 +2.0297939957e-05 -1.0748317750e-06
-1.5265306122e-01 -1.2616886862e-03 +4.0916191348e-05 -1.6788139051e-06 -6.5408163265e-01 -3.1810940441e-04 -1.1947013293e-05 +2.9416272032e-07
-1.6285714286e-01 -9.4700903081e-04 -9.4482258057e-06 +2.1083125601e-07 -6.5816326531e-01 -4.6880085417e-04 -3.1221316834e-06 -1.0181910628e-07
-1.7306122449e-01 -1.0727241701e-03 -3.1232881254e-06 +8.3548888110e-07 -6.6326530612e-01 -5.6178921972e-04 -6.1767048717e-06 +1.1311370480e-07
-1.8326530612e-01 -8.8454326830e-04 +2.1941378307e-05 -1.5119704539e-06 -6.6938775510e-01 -6.5138920572e-04 -2.7832937277e-06 -3.5063571292e-07
-1.9142857143e-01 -8.9930683831e-04 -2.3417735308e-05 +2.1511684446e-06 -6.7653061224e-01 -8.1224579415e-04 -1.3302365115e-05 +2.6902098363e-07
-2.0061224490e-01 -7.2231101111e-04 +4.1117318029e-05 -1.9906625081e-06 -6.8571428571e-01 -9.9758680137e-04 -5.2317356066e-06 +1.3153681049e-06
-2.0571428571e-01 -4.9716340296e-04 -1.8602557214e-05 +1.7298489347e-06 -6.9489795918e-01 -7.0761108202e-04 +3.4229307542e-05 -2.4692689136e-06
-2.1081632653e-01 -3.5025986683e-04 +3.3292910827e-05 -2.8879169041e-06 -7.0102040816e-01 -7.6380560526e-04 -3.9848759866e-05 +2.4392585699e-06
-2.1387755102e-01 -5.5077672153e-04 -5.3344596297e-05 +4.7197778654e-06 -7.1020408163e-01 -8.2900323162e-04 +3.3328997230e-05 -1.1653163864e-06
-2.2000000000e-01 -2.0173528784e-04 +8.8248739666e-05 -4.7667047616e-06 -7.1632653061e-01 -5.1201820293e-04 -1.6304943609e-06 -8.3921751419e-07
-2.1795918367e-01 +1.3322807699e-04 -5.4752403183e-05 +3.1225513851e-06 -7.2244897959e-01 -7.9639334441e-04 -2.6807019787e-05 +4.4055379009e-07
-2.1897959184e-01 -2.5054571131e-05 +3.8924138371e-05 -3.6418681258e-06 -7.3265306122e-01 -1.2003676031e-03 -1.3590406084e-05 +3.1586350069e-06
-2.1897959184e-01 -3.3913224144e-04 -7.0331905402e-05 +3.2816558118e-06 -7.4285714286e-01 -5.2458522273e-04 +8.1168644123e-05 -5.9322366749e-06
-2.2612244898e-01 -7.6127360595e-04 +2.8117768952e-05 +2.7601428378e-06 -7.4591836735e-01 -6.8088334272e-04 -9.6798456122e-05 +7.3050055701e-06
-2.2816326531e-01 +6.2912462442e-04 +1.1092205409e-04 -7.1793700201e-06 -7.5510204082e-01 -4.2535079415e-04 +1.2235171098e-04 -7.9816631564e-06
-2.1795918367e-01 +6.9375470009e-04 -1.0445904652e-04 +4.5287658142e-06 -7.5510204082e-01 -3.7281552149e-04 -1.1709818371e-04 +5.2338919535e-06
-2.1693877551e-01 -3.6796486019e-05 +3.1403927908e-05 -7.3161160403e-07 -7.6530612245e-01 -1.1446116097e-03 +3.9918574891e-05 -1.7294148615e-06
-2.1489795918e-01 +3.7179859092e-04 +9.4555797865e-06 +4.3849692845e-07 -7.7448979592e-01 -8.6506457033e-04 -1.1963870954e-05 -3.5704883390e-07
-2.0979591837e-01 +6.9245926519e-04 +2.2610487640e-05 -5.1040087628e-06 -7.8469387755e-01 -1.2114566396e-03 -2.2675335972e-05 +4.1780183604e-06
-2.0571428571e-01 -3.8653361086e-04 -1.3050977525e-04 +6.7122320005e-06 -7.9489795918e-01 -4.1155785090e-04 +1.0266521484e-04 -7.1713511383e-06
-2.1591836735e-01 -9.8305951562e-04 +7.0857184769e-05 -1.3367559738e-06 -7.9591836735e-01 -5.0965889558e-04 -1.1247531931e-04 +6.1400392541e-06
-2.2000000000e-01 +3.3057387633e-05 +3.0754505556e-05 +6.7560822111e-07 -8.0612244898e-01 -9.1715350554e-04 +7.1725858313e-05 -3.1030915923e-06
-2.1591836735e-01 +8.5082996509e-04 +5.1022752190e-05 -3.4064932372e-06 -8.1122448980e-01 -4.1356381695e-04 -2.1366889455e-05 +5.2519189517e-06
-2.0571428571e-01 +8.4933703772e-04 -5.1172044927e-05 +2.7462830951e-06 -8.1224489796e-01 +7.3467407947e-04 +1.3619067910e-04 -1.0761727072e-05
-1.9959183673e-01 +6.4978106771e-04 +3.1216447927e-05 -1.4561901637e-06 -8.0204081633e-01 +2.2996953989e-04 -1.8666113305e-04 +8.2031526004e-06
-1.9142857143e-01 +8.3725297714e-04 -1.2469256984e-05 +1.0376612331e-06 -8.1020408163e-01 -1.0423073411e-03 +5.9433444958e-05 -2.6631282279e-06
-1.8326530612e-01 +8.9916620739e-04 +1.8660580008e-05 -2.6944547686e-06 -8.1734693878e-01 -6.5257691029e-04 -2.0460401880e-05 +1.4289521480e-06
-1.7510204082e-01 +4.6404137698e-04 -6.2173063050e-05 +4.6381170250e-06 -8.2448979592e-01 -6.3309930348e-04 +2.2408162560e-05 +8.5441257046e-09
-1.7204081633e-01 +6.1201522348e-04 +7.6970447700e-05 -3.6131153722e-06 -8.2857142857e-01 -1.8237281456e-04 +2.2664486332e-05 -1.4631286508e-06
-1.6183673469e-01 +1.0674895658e-03 -3.1423013466e-05 +1.6510791578e-06 -8.2959183673e-01 -1.6802168317e-04 -2.1229373193e-05 +7.4192966125e-07
-1.5265306122e-01 +9.3435304383e-04 +1.8109361268e-05 -9.5038493244e-07 -8.3265306122e-01 -3.7003024866e-04 +1.0285166446e-06 +5.3622633233e-07
-1.4244897959e-01 +1.0114247895e-03 -1.0402186706e-05 +1.1300524087e-06 -8.3571428571e-01 -1.8859201607e-04 +1.7115306615e-05 -8.4601866406e-07
-1.3224489796e-01 +1.1423967779e-03 +2.3499385555e-05 -5.6106410289e-06 -8.3673469388e-01 -1.0009148299e-04 -8.2652533072e-06 -1.2337843292e-06
-1.2408163265e-01 -7.0807819608e-05 -1.4481984531e-04 +7.0267974210e-06 -8.3979591837e-01 -6.3553184788e-04 -4.5278783182e-05 +1.6995233276e-06
-1.3224489796e-01 -8.5916549952e-04 +6.5984077320e-05 -1.0679772266e-06 -8.4897959184e-01 -1.0312505132e-03 +5.7069166464e-06 -4.6226816494e-07
-1.3530612245e-01 +1.4012287889e-04 +3.3944760521e-05 -1.7344803512e-06 -8.5918367347e-01 -1.0557926298e-03 -8.1611283018e-06 +1.1699574954e-06
-1.3224489796e-01 +2.9867398394e-04 -1.8089650016e-05 +2.9038578152e-06 -8.6938775510e-01 -8.6802794720e-04 +2.6937596561e-05 -1.3592916369e-07
-1.2816326531e-01 +8.0803832818e-04 +6.9026084440e-05 -4.7789100932e-06 -8.7551020408e-01 -3.7005476509e-04 +2.2859721650e-05 -2.6670571672e-06
-1.1795918367e-01 +7.5488698903e-04 -7.4341218355e-05 +3.9668845983e-06 -8.7959183673e-01 -7.1297748224e-04 -5.7151993366e-05 +4.6817088529e-06
-1.1387755102e-01 +4.5812800141e-04 +4.4665319593e-05 -2.9253629938e-06 -8.8775510204e-01 -4.5150469369e-04 +8.3299272221e-05 -1.7740639586e-06
-1.0775510204e-01 +4.7382549513e-04 -4.3095570221e-05 +3.6529347238e-06 -8.8571428571e-01 +6.8226156314e-04 +3.0077353462e-05 -1.6670856715e-06
-1.0367346939e-01 +7.0779450786e-04 +6.6492471494e-05 -4.5435187586e-06 -8.7755102041e-01 +7.8368293093e-04 -1.9935216683e-05 +1.2995495018e-06
-9.4489795918e-02 +6.7458831016e-04 -6.9813091264e-05 +2.2762423513e-06 -8.7040816327e-01 +7.7484344782e-04 +1.9051268371e-05 -4.6988784589e-07
-9.2448979592e-02 -3.8800809722e-05 -1.5258207243e-06 -1.5002261569e-06 -8.6122448980e-01 +1.0149024615e-03 +4.9546329943e-06 -4.4040628149e-07
-9.4489795918e-02 -5.1938507127e-04 -4.6532605431e-05 +1.6838459497e-06 -8.5102040816e-01 +9.8187323691e-04 -8.2575554504e-06 +1.9069664533e-07
-1.0265306122e-01 -9.4488339498e-04 +3.9827730597e-06 +3.9485158275e-06 -8.4183673469e-01 +8.7393112150e-04 -2.5366560905e-06 -1.3427884631e-06
-1.0775510204e-01 +3.1932681447e-04 +1.2243824789e-04 -5.2330113007e-06 -8.3469387755e-01 +4.2036146076e-04 -4.2820309983e-05 +2.1192327173e-06
-9.7551020408e-02 +1.1981883820e-03 -3.4552091134e-05 +1.6774069262e-06 -8.3265306122e-01 +1.9972507627e-04 +2.0756671534e-05 -1.0116934264e-06
-8.7346938776e-02 +1.0103686372e-03 +1.5770116651e-05 -1.4766164040e-06 -8.2959183673e-01 +3.1135047905e-04 -9.5941312566e-06 +1.9275409882e-06
-7.7142857143e-02 +8.8278604898e-04 -2.8528375468e-05 +2.1882423632e-06 -8.2551020408e-01 +6.9773015038e-04 +4.8232098390e-05 -4.6576541999e-06
-6.8979591837e-02 +9.6869124856e-04 +3.7118895427e-05 -4.2151285590e-06 -8.1836734694e-01 +2.6507585820e-04 -9.1497527608e-05 +6.4989941789e-06
-5.9795918367e-02 +4.4653058942e-04 -8.9334961342e-05 +5.4885984033e-06 -8.1836734694e-01 +3.8482355969e-04 +1.0347229776e-04 -5.0117919034e-06
-5.8775510204e-02 +3.0641088357e-04 +7.5322990757e-05 -3.4535507685e-06 -8.0918367347e-01 +9.5073194385e-04 -4.6881459343e-05 +3.3440918020e-06
-5.1632653061e-02 +7.7680546815e-04 -2.8283532298e-05 +1.1827475279e-06 -8.0102040816e-01 +1.0163302976e-03 +5.3441294716e-05 -6.3237589779e-06
-4.5510204082e-02 +5.6595908055e-04 +7.1988935378e-06 +7.6337698357e-07 -7.9183673469e-01 +1.8802849851e-04 -1.3627147462e-04 +6.6448216607e-06
-3.8367346939e-02 +9.3895004638e-04 +3.0100203045e-05 -2.1954391356e-06 -7.9693877551e-01 -5.4395449571e-04 +6.3073175199e-05 -8.6777256284e-07
-2.8163265306e-02 +8.8232236659e-04 -3.5762971024e-05 -1.1652939105e-06 -7.9693877551e-01 +4.5717723942e-04 +3.7039998314e-05 -1.1329150828e-06
-2.4081632653e-02 -1.8252522702e-04 -7.0721788337e-05 +1.7545739611e-06 -7.8979591837e-01 +8.5810268087e-04 +3.0525458303e-06 -1.7434242488e-06
-3.1224489796e-02 -1.0705888054e-03 -1.8084569504e-05 +4.3510796987e-06 -7.8265306122e-01 +3.9612632282e-04 -4.9250181635e-05 +4.0249794251e-06
-3.9387755102e-02 -1.2695628592e-04 +1.1244782146e-04 -4.8731784700e-06 -7.7959183673e-01 +6.1861651765e-04 +7.1499201118e-05 -3.1320036557e-06
-3.4285714286e-02 +6.6004660219e-04 -3.3747532645e-05 -1.6448826760e-07 -7.6938775510e-01 +1.1089994433e-03 -2.2460908552e-05 +1.3601780547e-06
-3.1224489796e-02 -6.4250530987e-05 -3.8682180673e-05 +3.4903152139e-06 -7.5918367347e-01 +1.0678346887e-03 +1.8344433088e-05 -2.3087085630e-06
-3.2244897959e-02 +2.0920041972e-04 +6.6027275744e-05 -2.5722827920e-06 -7.4897959184e-01 +7.4211078155e-04 -5.0916823801e-05 +2.7726153809e-06
-2.6122448980e-02 +7.5806109700e-04 -1.1141208016e-05 -3.4052656786e-06 -7.4387755102e-01 +5.5555891981e-04 +3.2261637627e-05 -2.6593039812e-06
-2.3061224490e-02 -4.8634276690e-04 -1.1329917837e-04 +7.0096720370e-06 -7.3775510204e-01 +4.0300047799e-04 -4.7517481808e-05 +3.7829678907e-06
-3.2244897959e-02 -6.4942472328e-04 +9.6990982736e-05 -4.2252592042e-06 -7.3469387755e-01 +5.8754120904e-04 +6.5971554913e-05 -2.2684859490e-06
-3.3265306122e-02 +2.2817170207e-05 -2.9766793388e-05 +1.7280994735e-06 -7.2448979592e-01 +1.2264265226e-03 -2.0830235582e-06 -1.8518812374e-06
-3.4285714286e-02 -5.4088855512e-05 +2.2076190816e-05 -2.6871386898e-06 -7.1428571429e-01 +6.2920168020e-04 -5.7639460680e-05 +3.5535619191e-06
-3.5306122449e-02 -4.1870664612e-04 -5.8537969877e-05 +3.9184144693e-06 -7.1020408163e-01 +5.4248104232e-04 +4.8967396892e-05 -2.1582848062e-06
-4.1428571429e-02 -4.1394170287e-04 +5.9014464201e-05 -3.8028457179e-06 -7.0204081633e-01 +8.7434353829e-04 -1.5781147294e-05 +9.9794465267e-07
-4.3469387755e-02 -3.7450613422e-04 -5.5070907336e-05 +2.1092949330e-06 -6.9387755102e-01 +8.5810398820e-04 +1.4157192286e-05 -8.1308564120e-07
-5.0612244898e-02 -8.4313580104e-04 +8.2079406546e-06 -5.5270136116e-07 -6.8469387755e-01 +8.9732214156e-04 -1.0235376950e-05 +2.1358158560e-07
-5.8775510204e-02 -8.4478739630e-04 -8.3731001800e-06 +1.0151051159e-07 -6.7653061224e-01 +7.5668907823e-04 -3.8279293823e-06 -4.1240701206e-08
-6.7959183673e-02 -9.8179624642e-04 -5.3277848324e-06 +1.4665931481e-07 -6.6938775510e-01 +6.6775828022e-04 -5.0651504185e-06 -4.8618780779e-08
-7.8163265306e-02 -1.0443541486e-03 -9.2800538820e-07 +3.3226039245e-07 -6.6326530612e-01 +5.5186963762e-04 -6.5237138418e-06 +2.3571582432e-07
-8.8367346939e-02 -9.6323613866e-04 +9.0398063852e-06 -1.4757008846e-06 -6.5816326531e-01 +4.9211010808e-04 +5.4776088783e-07 -8.9424451651e-07
-9.8571428571e-02 -1.2251502763e-03 -3.5231220153e-05 +5.5705431459e-06 -6.5408163265e-01 +2.3479197088e-04 -2.6279574607e-05 +2.3208540784e-06
-1.0877551020e-01 -2.5861173560e-04 +1.3188507423e-04 -4.4799410869e-06 -6.5204081633e-01 +4.0545670227e-04 +4.3346047746e-05 -3.2871309810e-06
-1.0265306122e-01 +1.0351074228e-03 -2.5131583826e-06 +1.0432324264e-07 -6.4693877551e-01 +2.8623836290e-04 -5.5267881683e-05 +2.6644045393e-06
-9.2448979592e-02 +1.0161412280e-03 +6.1653889660e-07 -1.8984536679e-08 -6.4693877551e-01 -1.9797908974e-05 +2.4664254495e-05 -1.2480381965e-06
-8.2244897959e-02 +1.0227766449e-03 +4.7002796226e-08 -2.8385095924e-08 -6.4591836735e-01 +9.9075721973e-05 -1.2776891401e-05 +2.8693192033e-07
-7.2040816327e-02 +1.0152011720e-03 -8.0455008150e-07 +1.3252492038e-07 -6.4591836735e-01 -7.0382529940e-05 -4.1689337907e-06 +1.1207186785e-06
-6.1836734694e-02 +1.0388676465e-03 +3.1711975298e-06 -5.0171458558e-07 -6.4591836735e-01 +1.8245439779e-04 +2.9452626564e-05 -1.7085821444e-06
-5.1632653061e-02 +9.5177722145e-04 -1.1880240038e-05 +8.5392525867e-07 -6.4285714286e-01 +2.5893228573e-04 -2.1804837770e-05 -4.0883908030e-07
-4.2448979592e-02 +9.7034999830e-04 +1.3737517723e-05 -8.7317012258e-07 -6.4285714286e-01 -2.9981619376e-04 -3.4070010179e-05 +4.3643466289e-06
-3.2244897959e-02 +9.8314931597e-04 -1.2457585955e-05 +5.9793890513e-07 -6.4489795918e-01 +3.2808759134e-04 +9.6860388689e-05 -7.8648739660e-06
-2.3061224490e-02 +9.1337926842e-04 +5.4805811990e-06 -1.5185854979e-06 -6.3979591837e-01 -9.4166824678e-05 -1.3908583029e-04 +9.7482104596e-06
-1.4897959184e-02 +5.6741524302e-04 -4.0076983739e-05 +3.4355867601e-06 -6.4489795918e-01 +4.8579707370e-05 +1.5336048350e-04 -7.6585801172e-06
-9.7959183673e-03 +7.9655159626e-04 +6.2990619063e-05 -4.0604962362e-06 -6.3673469388e-01 +8.1821534214e-04 -7.6396920019e-05 +1.4983549071e-06
+4.0816326531e-04 +8.3821510665e-04 -5.8824268024e-05 +3.6227247155e-06 -6.3469387755e-01 -2.6021658612e-04 -3.1446272807e-05 +1.6651604889e-06
+6.5306122449e-03 +7.4854716082e-04 +4.9857473441e-05 -4.3079536462e-06 -6.3877551020e-01 -3.8959389560e-04 +1.8508541860e-05 +2.0450847700e-06
+1.4693877551e-02 +4.5331053578e-04 -7.9381135945e-05 +5.4458245632e-06 -6.3877551020e-01 +5.9410237260e-04 +7.9861084960e-05 -5.7638669159e-06
+1.6734693878e-02 +4.9943518585e-04 +8.3993600952e-05 -3.1896303210e-06 -6.3061224490e-01 +4.6216399704e-04 -9.3054922516e-05 +5.7042604445e-06
+2.6938775510e-02 +1.2224181086e-03 -1.1695308678e-05 -8.5056858546e-07 -6.2959183673e-01 +3.1234368007e-04 +7.8072890819e-05 -5.8286850663e-06
+3.7142857143e-02 +7.3334135940e-04 -3.7212366241e-05 +1.4898638465e-06 -6.2448979592e-01 +1.2519597657e-04 -9.6787661169e-05 +3.3247655348e-06
+4.2244897959e-02 +4.3605318852e-04 +7.4835491535e-06 -6.8459842078e-09 -6.2959183673e-01 -8.1312758635e-04 +2.9553048765e-06 +6.9288823301e-07
+4.7346938776e-02 +5.8367037633e-04 +7.2781696273e-06 -4.4207174640e-07 -6.3673469388e-01 -5.4615501892e-04 +2.3741951867e-05 +2.0669468392e-06
+5.3469387755e-02 +5.9661224495e-04 -5.9839827648e-06 -2.3064996832e-06 -6.3775510204e-01 +5.4876807019e-04 +8.5750357044e-05 -3.8586347736e-06
+5.6530612245e-02 -2.1501731532e-04 -7.5178973262e-05 +6.6068459896e-06 -6.2755102041e-01 +1.1061847790e-03 -3.0008686163e-05 +1.0228613259e-07
+5.3469387755e-02 +2.6345701631e-04 +1.2302640643e-04 -4.7331291730e-06 -6.1938775510e-01 +5.3669689550e-04 -2.6940102186e-05 +3.8826575340e-07
+6.3673469388e-02 +1.3040463929e-03 -1.8967468765e-05 -9.3963541998e-07 -6.1632653061e-01 +1.1437457780e-04 -1.5292129584e-05 +1.4058753436e-06
+7.3877551020e-02 +6.4280639162e-04 -4.7156531365e-05 +3.3896300366e-06 -6.1530612245e-01 +2.3029458921e-04 +2.6884130724e-05 -9.0972631143e-07
+7.8979591837e-02 +7.1656477531e-04 +5.4532369733e-05 -2.4148030938e-06 -6.1122448980e-01 +4.9505931026e-04 -4.0765861889e-07 +1.9221357561e-07
+8.9183673469e-02 +1.0827712418e-03 -1.7911723079e-05 +1.1675415221e-06 -6.0612244898e-01 +5.4457021057e-04 +5.3587486494e-06 -8.7953615428e-07
+9.9387755102e-02 +1.0747992369e-03 +1.7114522584e-05 -4.2961793212e-06 -6.0102040816e-01 +3.8788433727e-04 -2.1027335979e-05 -1.7761097748e-06
+1.0755102041e-01 +1.2823589221e-04 -1.1177085705e-04 +6.8335022934e-06 -6.0102040816e-01 -5.6549531475e-04 -7.4310629224e-05 +2.8819344373e-06
+1.0448979592e-01 -5.7130560833e-05 +9.3234211748e-05 -3.6500747502e-06 -6.1122448980e-01 -1.1871275680e-03 +1.2147403894e-05 +4.5245365842e-07
+1.0959183673e-01 +7.1253124908e-04 -1.6268030756e-05 +1.6443477277e-06 -6.2142857143e-01 -8.0844339264e-04 +2.5721013647e-05 +4.1029174538e-07
+1.1673469388e-01 +8.8047495225e-04 +3.3062401073e-05 -1.9069079972e-06 -6.2653061224e-01 -1.7093559609e-04 +3.8029766008e-05 -3.1140288032e-06
+1.2693877551e-01 +9.6965057455e-04 -2.4144838844e-05 -1.1595728816e-06 -6.2755102041e-01 -3.4454891688e-04 -5.5391098088e-05 +5.9233744878e-06
+1.3306122449e-01 +1.3888193321e-04 -5.8932025291e-05 +4.5043831971e-06 -6.3061224490e-01 +3.2464146770e-04 +1.2231013655e-04 -5.2733466990e-06
+1.3306122449e-01 +3.1155638650e-04 +7.6199470620e-05 -5.6334701107e-06 -6.2040816327e-01 +1.1888401889e-03 -3.5890264423e-05 +1.9047061856e-06
+1.3816326531e-01 +1.4550476570e-04 -9.2804632701e-05 +1.7029666335e-06 -6.1020408163e-01 +1.0424467562e-03 +2.1250921146e-05 -2.3454780435e-06
+1.3204081633e-01 -1.1996978983e-03 -4.1715633696e-05 +5.9644607196e-06 -6.0000000000e-01 +7.6382176602e-04 -4.9113420160e-05 +2.3751651722e-06
+1.2183673469e-01 -2.4467235631e-04 +1.3721818789e-04 -5.1526462465e-06 -5.9489795918e-01 +4.9410291446e-04 +2.2141535005e-05 -1.0327336655e-06
+1.2795918367e-01 +9.5389752757e-04 -1.7361199504e-05 +1.3808181441e-06 -5.8877551020e-01 +6.2711351491e-04 -8.8404749601e-06 -2.8504683673e-07
+1.3714285714e-01 +1.0209189807e-03 +2.4063344819e-05 -2.4114426564e-06 -5.8367346939e-01 +3.6478996469e-04 -1.7391880062e-05 +1.1525128491e-06
+1.4734693878e-01 +7.7875308018e-04 -4.8279934872e-05 +3.1629116650e-06 -5.8061224490e-01 +3.6270621819e-04 +1.7183505412e-05 +7.7703625653e-07
+1.5346938776e-01 +7.6202788224e-04 +4.6607415078e-05 -3.0973468607e-06 -5.7448979592e-01 +9.3948720339e-04 +4.0494593108e-05 -6.3014742018e-06
+1.6265306122e-01 +7.6497212557e-04 -4.6312990745e-05 +3.1040267984e-06 -5.6734693878e-01 -1.4106319499e-04 -1.4854963295e-04 +8.1023299384e-06
+1.6877551020e-01 +7.6992035019e-04 +4.6807813207e-05 -5.2371276798e-06 -5.7551020408e-01 -6.8135687239e-04 +9.4520265206e-05 -1.6180496335e-06
+1.7591836735e-01 +1.3493831040e-04 -1.1030601719e-04 +6.6199941248e-06 -5.7448979592e-01 +7.2363354169e-04 +4.5978776202e-05 -2.6505395677e-06
+1.7285714286e-01 -8.5183795878e-05 +8.8293806558e-05 -2.8755018807e-06 -5.6530612245e-01 +8.4804719541e-04 -3.3537410830e-05 +2.0161262718e-06
+1.7795918367e-01 +8.1804177107e-04 +2.0287501367e-06 +8.0038074501e-07 -5.5816326531e-01 +7.8213686034e-04 +2.6946377323e-05 -4.3935573562e-06
+1.8714285714e-01 +1.0987309973e-03 +2.6040172487e-05 -4.4076537524e-06 -5.5204081633e-01 +2.9971999604e-06 -1.0486034336e-04 +8.4152460100e-06
+1.9632653061e-01 +2.9723832133e-04 -1.0618944008e-04 +7.6465607951e-06 -5.5408163265e-01 +4.3036413574e-04 +1.4759703694e-04 -8.8592634186e-06
+1.9632653061e-01 +4.6741775817e-04 +1.2320738377e-04 -6.7908343258e-06 -5.4387755102e-01 +7.2452584893e-04 -1.1818086562e-04 +6.6136443991e-06
+2.0653061224e-01 +8.9431513577e-04 -8.0517646008e-05 +4.2106540593e-06 -5.4183673469e-01 +3.4500185628e-04 +8.0228466354e-05 -3.3095998922e-06
+2.1163265306e-01 +5.4715843342e-04 +4.5801975773e-05 -1.8885166054e-06 -5.3367346939e-01 +9.5669121573e-04 -1.9059530410e-05 +5.0230618990e-07
+2.1979591837e-01 +8.9664296726e-04 -1.0853522389e-05 +1.3025960356e-06 -5.2551020408e-01 +7.2619246449e-04 -3.9903447134e-06 +1.3003751326e-06
+2.2897959184e-01 +1.0703513302e-03 +2.8224358680e-05 -3.3218675371e-06 -5.1734693878e-01 +1.0364981100e-03 +3.5020909264e-05 -5.7038067202e-06
+2.3918367347e-01 +6.3827824264e-04 -7.1431667433e-05 +1.7807924801e-06 -5.0918367347e-01 +2.5774279214e-05 -1.3609329234e-04 +5.1883211359e-06
+2.4020408163e-01 -2.5611736198e-04 -1.8007893029e-05 +1.3007384329e-06 -5.1734693878e-01 -1.1395952268e-03 +1.9556341735e-05 -7.6376353770e-07
+2.3714285714e-01 -2.2605369270e-04 +2.1014259957e-05 +1.5911093124e-07 -5.2755102041e-01 -9.7759745345e-04 -3.3565643956e-06 -9.2450658570e-08
+2.3714285714e-01 +2.4196478582e-04 +2.5787587894e-05 -9.1677399455e-07 -5.3775510204e-01 -1.0724639389e-03 -6.1300841527e-06 +1.1335661720e-06
+2.4122448980e-01 +4.8268434534e-04 -1.7156319423e-06 -5.7364760610e-07 -5.4795918367e-01 -8.5499577040e-04 +2.7876901007e-05 -2.4009977028e-06
+2.4530612245e-01 +2.7627742466e-04 -1.8925060125e-05 +2.1909562557e-06 -5.5612244898e-01 -1.0177570611e-03 -4.4153030078e-05 +4.3887919862e-06
+2.4836734694e-01 +5.5506309886e-04 +4.6803627545e-05 -1.0473202737e-06 -5.6632653061e-01 -5.8418006680e-04 +8.7510729509e-05 -3.9296804462e-06
+2.5755102041e-01 +1.1769395676e-03 +1.5384019333e-05 -3.1037159771e-06 -5.6734693878e-01 -1.2869610470e-05 -3.0379683876e-05 -9.1496816076e-07
+2.6775510204e-01 +5.5350516118e-04 -7.7727459979e-05 +4.2785107126e-06 -5.7142857143e-01 -8.9495373622e-04 -5.7828728699e-05 +5.5487367627e-06
+2.6979591837e-01 +2.8250917538e-04 +5.0627861399e-05 -1.7654289142e-06 -5.8061224490e-01 -3.8690728139e-04 +1.0863337418e-04 -3.9330401144e-06
+2.7591836735e-01 +7.6543772912e-04 -2.3350060256e-06 +7.4238861749e-07 -5.7755102041e-01 +6.0584816791e-04 -9.3578292503e-06 -1.0410661011e-06
+2.8408163265e-01 +9.4145419385e-04 +1.9936652499e-05 -1.2041255558e-06 -5.7346938776e-01 +1.0637175259e-04 -4.0589812282e-05 +2.9952637023e-06
+2.9428571429e-01 +9.7894957709e-04 -1.6187114175e-05 +1.0128891160e-06 -5.7346938776e-01 +1.9315461764e-04 +4.9268098787e-05 -7.3590707550e-07
+3.0346938776e-01 +9.5907402838e-04 +1.4199559304e-05 -1.8270227448e-06 -5.6734693878e-01 +9.5774447073e-04 +2.7190886522e-05 -6.1740843799e-06
+3.1265306122e-01 +6.9495839102e-04 -4.0611123039e-05 +3.2339773733e-06 -5.6122448980e-01 -3.5066311280e-04 -1.5803164487e-04 +9.1057139828e-06
+3.1877551020e-01 +8.5292914222e-04 +5.6408198159e-05 -3.9660296055e-06 -5.7142857143e-01 -7.7958181545e-04 +1.1513977461e-04 -3.7181593066e-06
+3.2897959184e-01 +7.9128422375e-04 -6.2572690006e-05 +1.4056512529e-06 -5.7142857143e-01 +4.0776588479e-04 +3.5949954135e-06 +1.6852905903e-06
+3.3204081633e-01 -3.8474200503e-05 -2.0403152419e-05 -1.6565754061e-06 -5.6530612245e-01 +9.8525297016e-04 +5.4153713124e-05 -5.0638193813e-06
+3.2795918367e-01 -9.4350987072e-04 -7.0100414603e-05 +6.2410585348e-06 -5.5510204082e-01 +5.4918141824e-04 -9.7760868316e-05 +6.3250889757e-06
+3.1775510204e-01 -4.7320060233e-04 +1.1713134144e-04 -3.9199036311e-06 -5.5306122449e-01 +4.9149074464e-04 +9.1991800956e-05 -3.9100059093e-06
+3.2081632653e-01 +6.9345513717e-04 -4.6576749167e-07 -2.8063419695e-06 -5.4285714286e-01 +1.1583249910e-03 -2.5308376324e-05 +1.1516693555e-06
+3.2489795918e-01 -1.5776280351e-04 -8.4656026577e-05 +6.9820062031e-06 -5.3265306122e-01 +9.9765827112e-04 +9.2417043403e-06 -6.9667151259e-07
+3.2183673469e-01 +2.4371852586e-04 +1.2480415952e-04 -8.7951522306e-06 -5.2244897959e-01 +9.7349090415e-04 -1.1658441037e-05 -1.4262077949e-06
+3.2795918367e-01 +1.0125604700e-04 -1.3905040740e-04 +5.7496231273e-06 -5.1530612245e-01 +3.1245974493e-04 -5.4444674885e-05 +4.3606863658e-06
+3.2081632653e-01 -9.5486516284e-04 +3.3438286418e-05 -9.3803415635e-07 -5.1326530612e-01 +5.3177215695e-04 +7.6375916088e-05 -3.7716397089e-06
+3.1367346939e-01 -5.6750968137e-04 +5.2972617279e-06 -9.7707833867e-07 -5.0408163265e-01 +9.2779856603e-04 -3.6773275180e-05 +1.5421990005e-06
+3.0755102041e-01 -7.5468794841e-04 -2.4015088432e-05 +7.6471485796e-07 -4.9693877551e-01 +6.5499276259e-04 +9.4926948363e-06 -1.3767481300e-06
+2.9836734694e-01 -1.0055752597e-03 -1.0736426933e-06 -4.0964766651e-08 -4.9081632653e-01 +4.3182222032e-04 -3.1809749063e-05 +9.0356902962e-07
+2.8816326531e-01 -1.0393375435e-03 -2.3025856928e-06 +4.1955237191e-07 -4.8877551020e-01 +6.6697947943e-05 -4.7026781748e-06 -1.9671166195e-07
+2.7795918367e-01 -9.5952354581e-04 +1.0283985464e-05 -1.6372447210e-06 -4.8877551020e-01 -8.6369114138e-05 -1.0604028033e-05 -1.1672238183e-07
+2.6775510204e-01 -1.2450172528e-03 -3.8833356165e-05 +6.1294265120e-06 -4.9081632653e-01 -3.3346638935e-04 -1.4105699488e-05 +3.7248256791e-06
+2.5755102041e-01 -1.8285642251e-04 +1.4504943919e-04 -5.5335225515e-06 -4.9183673469e-01 +5.0186732461e-04 +9.7639070884e-05 -4.5784987018e-06
+2.6469387755e-01 +1.0580755959e-03 -2.0956237350e-05 +6.9854124499e-07 -4.8163265306e-01 +1.0810991317e-03 -3.9715890170e-05 +1.3238630057e-06
